Comp Ch 3,Comp Ch 4
-0.0903778,-0.00800144
-0.109931,-0.00955649
-0.0236794,-0.0116054
0.075523,-0.00521595
0.128898,0.0126763
0.106554,0.00677738
-0.0209553,-0.00843339
-0.128544,0.0180548
-0.170266,0.025501
-0.11716,0.0160436
-0.0693607,-0.00810387
-0.0362622,-0.0175707
-0.00838308,0.00585098
-0.0146837,0.00936902
-0.00120663,0.0222027
0.0376316,0.00967499
0.0684723,-0.00563515
0.0772126,-0.0067386
0.0426593,-0.0173942
-0.0347018,-0.0351177
-0.0977141,-0.0261521
-0.0746959,0.00742532
0.00744595,0.0362257
0.0534514,0.0431414
0.0707016,0.0227184
0.072376,-0.00105256
0.0657286,-0.00840813
0.0644471,-0.0115937
0.0591996,-0.0115584
0.0324147,-0.0158438
0.000558548,-0.0149161
-0.0280942,0.00169379
-0.0729411,0.00354465
-0.112868,0.00212768
-0.100991,-0.00506553
-0.0694966,-0.00567801
-0.0524205,-0.00751234
-0.0291215,-0.010056
0.0236762,-0.00711436
0.0965268,0.0328487
0.127579,0.0396144
0.094481,0.0232988
0.0593978,-0.011556
0.0849329,-0.0323241
0.0863338,0.00251725
0.0687363,0.00191307
-0.00319521,-0.0275454
-0.105328,-0.0117781
-0.133719,0.0157373
-0.142451,0.015246
-0.136006,0.00195395
-0.0887001,-0.00897562
-0.0475141,-0.0197238
-0.00500357,-0.0166907
0.0282056,-0.00699751
0.0585463,0.00674314
0.0619825,0.00798954
0.0363782,-0.000254087
0.0227145,0.00455793
0.0071361,0.0166402
0.00128377,0.00589886
-0.00920523,0.00617359
-0.00895641,0.0100317
0.000881981,-0.00997007
0.0306026,-0.0119427
0.0438987,0.000523585
0.00468175,-0.00376582
-0.0298904,-0.00948614
-0.0351801,-0.00881357
-0.0330354,-0.0129204
-0.0398019,-0.0153981
-0.0267537,-0.00165418
0.0225974,0.0154135
0.0764668,0.021126
0.107308,0.0209929
0.0850399,0.0155292
0.0176771,0.000948549
-0.0429353,-0.00901961
-0.0323215,-0.0110488
0.00212553,-0.012743
0.028875,0.0106235
0.0579845,0.0325652
0.0494239,-0.000719787
-0.018693,-0.0178876
-0.0589511,-0.00396669
-0.0940884,-0.02159
-0.125186,-0.0304085
-0.124904,-0.0282799
-0.0618429,-0.00115535
0.0187166,0.0151018
0.051336,0.0286358
0.0737925,0.0363905
0.058002,0.0407603
0.00422515,-0.0145784
-0.0476662,-0.0382522
-0.047165,-0.0171789
0.00245542,0.0913365
0.143919,0.0199182
0.286506,-0.0410827
0.294933,-0.00799819
0.169218,-0.0127941
-0.0489267,-0.033056
-0.251722,-0.0271606
-0.311262,-0.0124013
-0.257915,0.0137921
-0.126973,0.0295544
-0.00700123,-0.00931115
0.0604138,-4.69e-05
0.110002,0.028113
0.0981833,0.00311199
0.0149307,-0.0181016
-0.0795606,-0.0272566
-0.110261,-0.027695
-0.0908999,-0.0125849
-0.0322242,0.00618133
0.0224543,0.0196192
0.0391592,0.0156728
0.037161,0.00209609
0.0450378,-0.00799163
0.040253,-0.0104929
0.0239824,-0.0141978
0.0227588,-0.0028333
0.0438038,0.00849239
0.0428993,0.0177416
0.0143068,0.0365907
0.00234113,0.011093
-0.0153896,-0.0142619
-0.0368115,0.00078024
-0.0368544,0.0266779
-0.0161555,-0.00402851
0.00696519,-0.0203583
0.0325168,0.0116001
0.0360702,0.0143647
0.0107976,-0.00489532
0.00590399,-0.0105348
0.00517334,-0.00994599
-0.0118355,-0.0077265
-0.0154089,-0.0149204
0.0342634,-0.00283441
0.0904045,0.0122778
0.0746971,0.0108681
0.0153295,-0.000195261
-0.051206,0.00317696
-0.110975,0.0167744
-0.119945,-0.00126479
-0.0831954,-0.0105889
-0.0481579,0.000818901
0.00525723,0.0151281
0.0551061,0.00940119
0.0511853,-0.0227862
0.0441204,4.72e-05
0.109875,0.0444517
0.175159,-0.00675613
0.167238,-0.0442682
0.103115,-0.0253461
0.0156967,-0.00247221
-0.0781059,0.00645998
-0.133902,-0.000521914
-0.160442,0.000308738
-0.159649,0.00196098
-0.131639,-0.00229392
-0.0902802,-0.00818191
-0.043034,-0.0137954
-0.0108197,-0.00363588
0.0288267,0.0243528
0.0454386,0.0204351
0.0156138,0.0224785
-0.00900043,0.0556576
-0.00507279,-0.0104066
-0.00863262,-0.043672
-0.0242684,-0.0145022
-0.0120995,-0.0334038
0.0326575,-0.049772
0.0585233,-0.0182418
0.0625419,-0.00390845
0.0602535,0.00519332
0.0398199,0.0525853
0.0138697,0.10252
0.00702358,0.00899547
0.0171875,-0.0351468
0.0666668,-0.0212186
0.0963808,0.00469703
0.0618959,0.00782141
-0.00951592,-0.0143622
-0.0641271,-0.0237485
-0.0917615,0.0214609
-0.105282,0.0287945
-0.0921121,-0.0315216
-0.0359665,-0.0325086
0.0286348,-0.00614537
0.0615869,0.00412713
0.0675548,0.0139799
0.0501412,0.00881492
0.00915166,-0.00447957
-0.0266725,-0.0149614
-0.0393494,-0.00708577
-0.0314314,-0.0223947
-0.00153034,-0.018723
0.0190791,0.0506719
0.00701645,0.0566611
-0.0186665,-0.0128065
-0.0262595,-0.0394586
-0.0398887,-0.00364246
-0.0653016,0.0284731
-0.0652793,-0.0110829
-0.0302024,-0.0265779
0.00698352,0.00091372
0.0114967,0.00260523
0.00903828,-0.00617964
-0.0066966,-0.0142516
-0.00783779,-0.00837187
0.0433414,0.00601531
0.113983,0.0310033
0.128419,0.0165311
0.12012,-0.014134
0.106876,-0.017719
0.0810382,-0.00397536
0.045201,0.00034368
-0.0164655,-0.0122093
-0.134755,-0.0312489
-0.199336,-0.0289926
-0.169191,0.0187491
-0.0710754,0.0211013
0.00958417,0.0248385
0.0209169,0.0204838
-0.0131563,0.00188652
-0.040975,0.00318663
-0.0438785,-0.00197145
-0.0471816,0.00125353
-0.0330283,0.0103309
-0.00509801,0.00436873
0.040598,0.00250735
0.0556963,0.00541563
0.0318842,0.00151939
0.0356034,0.00229842
0.0712034,-0.00971744
0.0879287,-0.0176669
0.0626601,-0.00210601
0.0449971,-0.00253084
0.0315143,0.000175801
-0.00385905,0.0105572
-0.0183876,0.0150889
-0.0100913,0.0106941
-0.0136264,0.00505104
-0.0233401,-0.000659567
-0.0185006,-0.00435984
-0.0196919,-0.0148791
-0.00561043,-0.00870488
0.0148734,0.0112128
0.00785416,0.0116464
0.0106213,0.00478801
0.0238051,0.0136964
0.0164072,0.00914143
-0.0125908,-0.0280783
-0.0387403,-0.034311
-0.0338333,0.00564774
-0.00337876,0.0797928
0.0164393,0.0688917
0.030255,-0.0394351
0.0120227,-0.0321535
-0.0181025,-0.00797854
-0.037202,-0.0252687
-0.0305499,-0.0299503
-0.0295411,-0.0163414
-0.0055326,0.0193488
0.0213466,0.0129637
0.00486382,0.00326834
-0.021078,0.0120469
-0.00782985,-0.0131049
0.0234198,-0.0312001
0.0478973,-0.0248024
0.0912501,-0.016107
0.13536,0.00531784
0.0934079,0.0221082
-0.0021338,0.0137381
-0.0791753,0.00289531
-0.13436,-0.00825515
-0.136884,-0.0159323
-0.0848463,-0.00450189
-0.0172111,-0.0248547
0.0261794,-0.0169406
0.0715196,0.0533516
0.0852653,0.0488309
0.0289812,-0.0214543
-0.0434456,-0.0513664
-0.0731326,-0.0215173
-0.092077,0.0603296
-0.107007,0.0278645
-0.0454759,-0.0201265
0.0275254,0.0126737
0.0449879,0.0161332
0.0373536,0.00396263
0.031004,0.00751383
0.0269566,0.00366221
0.0336611,-0.0308875
0.0516002,-0.0490372
0.0423174,-0.00663501
0.025647,0.0880643
0.0465904,0.0413967
0.0171309,-0.0320264
-0.0303032,-0.01521
-0.0372133,-0.00489527
-0.0372399,-0.0164116
-0.0497883,-0.0276038
-0.0532929,-0.022353
-0.0265075,0.00364081
0.00342346,0.0145196
0.00620479,0.00404084
0.0102533,-0.00461766
2.17e-05,-0.00870149
-0.017396,-0.0129015
-0.0263539,-0.00872407
-0.0183967,-0.0099508
-0.00077165,-0.0134137
0.040577,0.00605994
0.0677786,0.0206228
0.0356799,0.0140448
-0.000907679,0.00931301
0.00195392,0.00976598
0.00819627,0.00616347
0.00686616,0.00682029
-0.00948645,0.01135
0.00250019,0.00320789
0.01745,0.00318776
0.00952771,0.00365805
0.0345953,-0.00872344
0.0742965,-0.013391
0.0804847,-0.0163544
0.051883,-0.0194842
0.0317189,-0.0150239
2.37e-05,-0.00648376
-0.0340666,0.0135336
-0.067117,0.0209805
-0.111407,0.0106169
-0.12684,0.00562408
-0.093933,-0.00609997
-0.0506391,-0.011385
0.00474937,0.00687147
0.0704281,0.0442641
0.112446,0.0403466
0.0727285,-0.0315549
-0.00512037,-0.0457656
-0.0565927,-0.0112184
-0.106396,0.0356356
-0.107127,-0.00769016
-0.0710219,-0.0324482
-0.0325752,-0.00972545
0.00374564,-0.00174502
0.0359048,0.0156416
0.0373625,0.0359285
0.0302383,0.0124256
0.0513646,0.000495992
0.0689048,-0.00741619
0.0549778,-0.0271724
0.0377178,-0.0370716
0.0595799,0.0131739
0.0874338,0.0574785
0.0579323,0.0384469
-0.0121258,-0.00103123
-0.0517937,-0.0294028
-0.06672,-0.0649685
-0.0734206,-0.0287718
-0.0515078,0.0290902
-0.0121159,0.028286
0.0403974,0.00829522
0.0614366,0.00504753
0.027438,-0.00295962
-0.0239062,-0.0155331
-0.0428598,-0.0139361
-0.0342898,-0.0108844
0.00559789,-0.0131476
0.0361218,-0.00353167
0.057192,-0.000664195
0.0283044,-0.00180172
-0.0470333,0.00972907
-0.0851498,0.0227438
-0.0736675,0.00531317
-0.0686156,-0.0031609
-0.0319376,0.0167472
0.047442,0.0109825
0.0980968,-0.000844265
0.12605,-0.0072094
0.0953179,0.00677909
-0.00633951,0.00855382
-0.0830095,-0.0126646
-0.0806414,-0.0120865
-0.0498348,-0.0111333
-0.0124242,-0.0127744
0.0304424,-0.00459218
0.0599163,0.00516115
0.0389991,0.0039123
0.0250686,0.00163077
0.0300125,0.000487803
0.0163038,-0.0140953
-0.0416273,-0.0193255
-0.0956634,0.0326606
-0.104719,0.0380838
-0.0945837,0.0143267
-0.0355093,-0.0146253
-0.00361635,-0.0174345
-0.00330628,-0.00878784
0.0136683,0.00955049
0.0463999,0.0380921
0.0570838,0.0415783
0.0571574,-0.0289521
0.0932257,0.0300242
0.136261,0.106429
0.132684,-0.0396524
0.0953144,-0.0740926
0.00209356,-0.0431482
-0.122791,-0.0167898
-0.184908,-0.0176552
-0.150966,-0.0161437
-0.0914431,-0.0154872
-0.037331,-0.00320205
0.00145391,0.00475823
0.00821454,0.0252156
0.00830156,0.0384324
0.0456946,-0.000470683
0.0929606,-0.0181364
0.145394,-0.0479487
0.157239,-0.0381298
0.111821,0.0402247
0.00611077,0.0229817
-0.11813,-0.00634254
-0.195953,-0.00827979
-0.214145,0.00133924
-0.167952,0.0122989
-0.0255923,-0.0110227
0.119828,-0.0139235
0.165372,-0.00204383
0.140252,-0.00344539
0.0553284,0.0147594
-0.0820516,-0.00384863
-0.160271,-0.025602
-0.142412,-0.0094934
-0.107715,0.0046068
-0.0692496,-0.000851835
-0.0116629,-0.00678058
0.064298,-0.000365742
0.0970072,0.0184843
0.108746,0.0253948
0.140676,-0.0045272
0.131388,-0.0158087
0.0996488,0.0169642
0.0857493,0.0424563
0.0452732,0.0262292
-0.0119605,-0.00815703
-0.0672752,0.0357699
-0.082613,-0.000710112
-0.0302551,-0.0361629
0.0162815,-0.00867384
0.00973994,0.0246217
-0.0346206,0.00244935
-0.104079,-0.0205851
-0.13496,-0.0231814
-0.114623,-0.0225164
-0.0893967,-0.0013865
-0.0298684,0.0159875
0.0525037,0.0179484
0.0859717,-0.0086439
0.0680593,-0.0277803
0.0513899,-0.0176862
0.0954328,0.00790358
0.240569,0.0380321
0.341315,0.0568377
0.2397,-0.000355139
0.0102733,0.0043745
-0.181099,-0.000174262
-0.341215,-0.0203848
-0.375149,-0.0105807
-0.266995,-0.0107365
-0.124859,-0.00813237
-0.0317053,-0.010022
8.68e-05,-0.0148792
0.0297665,-0.0110559
0.0462769,-0.0141188
0.0565367,-0.0193267
0.0585549,0.00479631
0.042576,0.0235934
0.0237744,-0.0457991
0.00425903,-0.0308759
-0.030065,0.106354
-0.0294054,0.0868947
0.0197592,-0.0628559
0.0648186,-0.0332237
0.104268,0.00305362
0.0821878,7.71e-05
0.0508875,-0.0102413
0.0854059,0.00705934
0.106889,0.0309883
0.0943121,0.0107163
0.115422,-0.0160908
0.0896339,-0.0167944
-0.0154983,-0.0287659
-0.1201,-0.0334129
-0.162288,0.00979923
-0.107751,0.0294881
-0.0502114,0.0606204
-0.0293109,0.0548998
-0.0250192,-0.0533478
-0.00414451,-0.0424236
0.0155186,-0.00754839
-0.00867106,-0.0143077
-0.0350833,-0.0289882
-0.0554995,-0.00851375
-0.077412,0.0187424
-0.121875,0.0286894
-0.141104,0.00205564
-0.127054,-0.0243846
-0.0665935,0.000953924
0.0681924,0.0128276
0.206445,-0.0386841
0.241838,-0.000951971
0.230637,0.0770702
0.218615,0.0697167
0.129989,-0.000987327
0.0240723,-0.0328821
-0.0647916,-0.036926
-0.139583,-0.0247596
-0.155253,-0.0193856
-0.100025,-0.034802
-0.0451109,0.0277956
0.00408141,0.0391701
-0.00474509,-0.027882
-0.0707973,0.0776527
-0.138056,0.0593012
-0.182429,-0.105825
-0.19151,-0.0426133
-0.180806,-0.00359327
-0.10446,0.00487876
0.0655824,-0.00137938
0.164629,0.00873991
0.233219,0.0131609
0.418859,0.000738945
0.525132,0.00815634
0.385748,0.015927
0.0640078,-0.0069992
-0.270182,-0.0362493
-0.40511,-0.0507192
-0.387827,-0.0378456
-0.248697,0.0470172
-0.0254639,0.0786902
0.0634819,0.00590984
0.0390806,-0.0157649
-0.000147108,-0.00594175
-0.0436563,-0.0253194
-0.0685257,0.0392531
-0.00137099,0.110613
0.104431,-0.010539
0.187949,-0.0562894
0.193361,-0.0119617
0.0377535,-0.000544995
-0.089635,-0.0385164
-0.149219,-0.03057
-0.0947551,0.0185813
0.0113293,0.0358016
0.149363,-0.0117241
0.237954,-0.0209127
0.197266,0.00260328
0.135928,-0.00698154
-0.0419856,-0.0095521
-0.200064,-0.00293425
-0.219352,-0.0199793
-0.175295,0.00515032
-0.141668,-0.0016851
-0.154038,0.0270912
-0.0767308,0.0328405
0.107973,0.0824904
0.302175,0.0311559
0.377409,-0.0667415
0.305728,-0.0567065
0.155803,0.0168356
-0.046436,0.035504
-0.237168,-0.0407295
-0.315232,-0.0386691
-0.289256,-0.0166571
-0.255853,-0.0172439
-0.176935,-0.01595
-0.109782,-0.0138185
-0.056276,-0.0303557
-0.013773,-0.0222998
0.0833196,0.0251808
0.13933,0.0496134
0.11817,0.0471185
0.0521792,0.0240927
-0.092322,-0.0156723
-0.146464,0.0222128
-0.0201893,0.0865018
0.153042,-0.0116162
0.206057,-0.0328481
0.17712,0.0111882
0.117776,0.0283727
0.0404519,-0.0371754
-0.0253685,-0.0415839
-0.0728948,-0.0133956
-0.0541728,-0.00328085
-0.0176078,-0.0230218
0.0649514,-0.0401488
0.114296,0.00113514
0.0894577,0.0137532
0.0239564,0.0168906
0.00917148,0.0327476
0.10326,0.014316
0.177199,0.0626769
0.106966,0.0238608
-0.0133017,0.0023919
-0.146629,-0.0296276
-0.221255,-0.0589578
-0.212282,-0.0351488
-0.154893,-0.024926
-0.0486722,-0.0139706
0.0290935,0.000500313
0.0214961,-0.00979931
-0.0110401,0.00673949
0.0795257,0.00932454
0.175553,-0.00771709
0.166742,0.0174576
0.0649007,0.0480515
-0.159047,0.0116199
-0.38623,0.00386226
-0.428233,-0.0688985
-0.29372,-0.0330577
-0.101938,0.00756977
0.0732927,0.0157876
0.210233,0.0166386
0.325464,0.0330082
0.418759,0.065363
0.452194,0.0175623
0.339952,0.0187808
0.0801714,0.0477017
-0.145589,-0.0315226
-0.344552,-0.0115354
-0.453016,0.0404985
-0.397207,-0.0468223
-0.278562,-0.0488837
-0.0816059,-0.0271407
0.14655,-0.0298044
0.278497,-0.0205153
0.251036,0.0254836
0.128674,-0.016663
-0.0102772,-0.0299961
-0.108066,0.0357492
-0.115154,0.00533872
0.00495102,-0.0638475
0.181846,-0.043917
0.341809,-0.0337286
0.465575,-0.029308
0.353525,0.0727885
0.0278101,0.0408395
-0.353829,0.00396725
-0.546448,0.0320335
-0.545965,-0.0158729
-0.448109,-0.023585
-0.237258,-0.018054
-0.0301541,-0.00114569
0.108157,0.0274698
0.165821,0.0582478
0.161511,0.022004
0.125751,-0.00232318
0.0589301,-0.011558
0.0113333,0.00368391
0.0205789,0.0236467
0.042213,0.00129006
0.0515198,-0.0471671
0.0470681,0.00859457
0.054143,0.102767
0.0453531,0.0289236
0.0403334,-0.0491727
0.0368289,-0.018064
0.00272636,-0.0376053
0.0118466,-0.0369739
0.138022,0.01965
0.294631,0.0164312
0.325554,-0.0106977
0.20343,0.010375
-0.0264047,0.0307927
-0.252297,-0.0028359
-0.330914,-0.00423312
-0.238705,-0.00422974
-0.0700591,-0.0197526
0.0663031,0.0225005
0.11245,0.0339641
0.0444036,-0.0245365
-0.0654324,-0.0322394
-0.106765,-0.0185795
-0.149288,0.0225287
-0.172139,0.0370025
-0.110176,-0.0527932
0.00397939,-0.0469591
0.0569298,0.013753
0.0415495,-0.00360382
0.0235381,-0.0199721
0.00494057,-0.0171687
-0.00849973,0.0280603
-0.00344955,0.0452632
0.0365051,-0.0119813
0.0757342,-0.0155755
0.117126,0.00762639
0.123738,0.00462136
0.0503119,-0.0045006
-0.0370681,-0.0158267
-0.0515403,-0.0146974
-0.0330597,0.0379833
0.0175051,0.0101658
0.076624,-0.0303983
0.106207,-0.0121684
0.0568457,0.0143906
-0.0299571,-0.00452087
-0.108207,0.000165819
-0.142811,0.0130905
-0.128374,0.0185551
-0.0717307,0.00896444
-0.0335837,0.00584384
-0.0150259,0.0525585
0.0174392,0.00349935
0.0206719,-0.0493187
0.000464151,-0.00687267
-0.0103474,0.00821335
-0.00406733,-0.000723393
0.000632999,-0.042523
-0.00908802,-0.0362626
0.0225681,-0.0101529
0.0770676,0.0122363
0.0752872,0.0216433
0.052935,0.0210202
0.0334233,0.0186829
0.011209,0.00920678
-0.00479034,0.00409076
-0.0183164,0.0121103
-0.0540654,0.0241295
-0.0496399,-0.00938489
-0.00987967,-0.0294352
0.0114278,0.0284548
0.0193761,0.0224345
0.0296356,-0.025741
0.0412714,-0.0238454
0.0261584,-0.0523481
-0.0142098,-0.0313735
-0.0154788,0.0161797
0.0145014,0.0343731
0.0348647,0.0382215
0.0394426,0.0635897
0.0219701,0.00306198
-0.0166367,-0.0764463
-0.0447197,-0.0406965
-0.0649293,-0.0172353
-0.0931467,0.00152084
-0.0503075,0.0196151
0.0124997,0.0359093
0.00301072,0.0407596
-0.0291172,-0.0233337
-0.0161064,-0.0525802
0.00554967,-0.0524364
0.00284759,-0.0297816
-0.00700986,0.00986159
0.0121183,0.0266579
0.0266485,0.031462
0.0214338,0.025906
0.0101057,0.0155593
-0.00759612,0.00381213
-0.0138579,-0.00476843
-0.00354458,-0.0079175
0.00828846,-0.0128717
0.0254214,-0.0106472
0.0834583,0.00453655
0.144948,0.0117408
0.119216,0.00660773
0.0344169,-0.00950891
-0.041232,-0.0236788
-0.119569,-0.0122485
-0.158863,0.00487837
-0.0968085,0.0172595
-0.0162433,0.0229144
0.0223391,0.0172381
0.0510127,0.0146357
0.0482348,-0.00037771
0.00722405,-0.00989183
-0.0390471,0.0165118
-0.0434462,0.0108499
-0.0385807,-0.0114901
-0.0151541,-0.0180528
0.0201383,-0.00075668
0.0207606,0.00269459
0.0120566,-0.00993219
0.0216886,-0.0131332
0.0203411,-0.00189687
-0.00762489,-0.00299567
-0.0208101,-0.00428385
0.00809122,0.00778571
0.0322777,0.0130125
0.0170768,0.00978856
0.0184079,0.00690524
0.0196323,-0.00232902
-0.00111524,-0.016947
-0.0330854,-0.0114785
-0.040731,0.00117091
-0.0407684,-0.0138326
-0.0040658,-0.011837
0.0357942,0.0121698
0.0306042,0.0363402
0.0105166,0.0260079
0.0141102,-0.0190073
0.0480416,-0.0295913
0.0213287,-0.0308053
-0.028923,-0.0248194
-0.0315911,-0.0151689
-0.014612,0.00279448
-0.0131617,0.0119026
-0.0287388,-0.00190447
-0.0541044,-0.0080574
-0.0547097,0.00923417
-0.0298945,0.0153013
0.0121627,0.0187577
0.0863557,0.00789391
0.146576,0.00695338
0.146002,0.0100222
0.0631539,0.00909166
-0.0420318,0.00402741
-0.134868,0.00266488
-0.18328,0.00677901
-0.132296,0.000478333
-0.0144096,0.00608361
0.276789,0.0238245
0.244175,0.00599094
0.135007,0.0176314
-0.0178109,0.0241072
-0.153683,-0.0200234
-0.20458,-0.055169
-0.19162,-0.0316674
-0.115471,-0.00709265
-0.0175278,-0.0313649
0.0215828,-0.0482969
-0.00139364,0.0181132
-0.0257565,0.103685
-0.0149897,0.0782777
0.0145839,-0.0378403
0.0422466,-0.0636174
0.0749651,-0.0169365
0.0973891,0.0478097
0.0810558,0.034916
0.061171,-0.00497497
0.0492689,-0.00767993
0.0375114,0.00582706
0.024974,0.0362547
-0.0173393,-0.0144394
-0.0885232,-0.0745753
-0.082559,-0.0292088
-0.105809,0.0059772
-0.129865,-0.0156901
-0.100667,-0.0414305
0.00129752,-0.0117514
0.0871846,0.0106293
0.0790716,0.015551
0.0673019,0.0465316
0.0471603,0.047313
0.0480127,0.00335853
0.0889758,-0.00648755
0.0754708,0.00668688
0.0273587,0.00151573
0.00381348,-0.017687
-0.00435042,-0.0327809
-0.0190501,-0.0456677
-0.0583172,-0.0323579
-0.00655743,0.00423907
0.150634,0.024807
0.248159,0.0230068
0.231978,0.00847519
0.122664,-0.0185715
-0.0709157,-0.0254189
-0.283483,0.00220849
-0.344983,0.0216089
-0.293939,0.0310438
-0.204752,0.00881555
-0.100987,-0.00438993
-0.00739808,0.033643
0.0350249,0.0282183
0.0159596,-0.0374124
0.0135773,-0.0507397
0.00924312,-0.0214309
0.0433619,0.0128593
0.0857675,0.0320412
0.0608633,0.00652736
-0.00101061,-0.0186259
-0.0204866,-0.0113381
-0.0217241,0.0268766
-0.00587048,0.0560097
0.029594,0.0129468
0.0766767,-0.00896303
0.104239,-0.00973874
0.0745699,0.0133952
0.0467686,-0.00135096
0.0362725,0.00993789
0.0268659,0.0145655
-0.0258119,-0.0111816
-0.0681541,-0.0503016
-0.0980382,-0.0313953
-0.0933523,-0.0194198
-0.0656473,0.0219244
-0.0430163,0.00155923
0.00608159,-0.0211781
0.100478,-0.0102102
0.131097,0.0144262
0.122575,0.0122502
0.127676,0.010042
0.115144,0.0418001
0.0399064,0.0311566
-0.0367689,-0.0158046
-0.0488877,-0.00465649
-0.0819873,-0.00740132
-0.100665,-0.0179366
-0.107459,-0.0392478
-0.132565,-0.0250103
-0.108964,-0.00471189
-0.027437,-0.00925087
0.0317939,-0.00793249
0.0247445,0.00528645
0.00833991,0.00484044
0.00685388,0.00422393
0.00593651,0.0165166
0.00950173,0.0069434
0.0404545,-0.0105494
0.0727204,0.0113736
0.0749071,0.0217108
0.0590835,0.0267708
0.0329046,0.0485802
-0.0129904,0.0248021
-0.0708838,-0.0379161
-0.100293,-0.0418996
-0.0891371,-0.0244355
-0.0279238,-0.0024437
0.0373534,0.00187851
0.0465288,-0.00147672
0.0128101,-0.0108338
-0.00394488,0.00680844
-0.0175477,0.0220448
-0.0109056,0.00912801
0.00727822,0.0203835
0.0615677,0.00170418
0.107268,-0.0308869
0.0976455,-0.0307231
0.0617942,-0.000635904
-0.0202313,0.0223198
-0.102125,0.0181197
-0.132137,0.0127775
-0.0663576,0.0081883
0.0131348,0.0232097
0.107503,0.0383963
0.172098,-0.0115101
0.133905,-0.0200985
0.0614763,-0.0327831
-0.0504048,-0.00949428
-0.123211,-0.0168618
-0.103215,-0.0556811
-0.0447847,-0.0371999
0.0444926,0.0294431
0.0615631,0.0301739
0.0476931,-0.0339305
0.0147528,-0.0195535
-0.0254559,0.0504011
-0.0786524,0.00494881
-0.125816,-0.0663167
-0.147494,-0.0307799
-0.136508,0.0226053
-0.124423,0.0461067
-0.0974838,0.0205367
-0.0540888,-0.0273002
-0.00554919,-0.00675221
0.0333566,0.0175807
0.0913737,0.0468936
0.112229,0.012447
-0.0101486,0.0324229
-0.0720218,0.0055763
-0.078626,-0.0106657
-0.0575275,0.0236494
0.0365828,0.0527599
0.146075,-0.00470415
0.199147,-0.0586856
0.241701,-0.0461819
0.21692,-0.043509
0.128934,-0.0144295
0.0612267,0.0317534
-0.00722028,0.0343118
-0.0672382,-0.000875604
-0.0804464,-0.0192601
-0.105067,0.0130287
-0.09005,0.0757103
-0.0347694,0.0236841
0.0258412,-0.02491
0.0616003,-0.0521471
0.0334962,-0.0356978
-0.0220508,-0.0388807
-0.0632076,0.00780076
-0.0890594,0.095001
-0.059981,0.0029878
-0.0379993,-0.090168
-0.0338839,-0.0538247
-0.00579303,-0.0367764
0.0425412,-0.00112975
0.077582,0.0557134
0.0524218,0.0710488
0.00745534,0.0470438
-0.0317868,-0.021512
-0.0656757,0.000465
-0.0829593,0.00831955
-0.027263,-0.0538595
0.026203,-0.0392363
-0.0158597,-0.00856847
-0.0417638,0.0283569
-0.00729217,0.0337993
0.00591722,0.00806949
-0.0279975,0.010454
-0.0719362,0.0255502
-0.0660849,-0.0564884
0.0394238,-0.025004
0.148088,0.010873
0.164683,0.00898646
0.0826949,0.0452464
0.0487506,0.0728476
0.0369061,0.0467057
0.0125932,-0.0293996
0.00565582,-0.0691052
-0.00383148,-0.0502452
-0.0088435,0.00652927
-0.0265728,0.00743271
-0.0384512,-0.0453714
-0.0591352,-0.0433365
-0.0924735,0.00528863
-0.145405,0.0163211
-0.193843,-0.0344704
-0.19226,-0.0202033
-0.125943,0.018193
-0.0226604,0.0138105
0.0445706,0.0220797
0.154223,0.0572424
0.28734,0.0163295
0.285582,-0.0326359
0.169138,-0.0109806
0.0769226,0.000333365
-0.000524026,0.0102861
-0.0649384,0.0241875
-0.0477681,0.00662922
-0.0118331,-0.020138
-0.0260508,0.0101627
-0.0114953,0.0122941
0.00676516,-0.0248653
-0.0263715,-0.0499102
-0.0607863,0.038274
-0.0724321,0.038629
-0.0318422,0.033389
-0.0513984,0.0283184
-0.0509027,-0.0545357
-0.0613549,-0.0174355
-0.0324314,-0.0172057
0.00663311,-0.0239868
0.0138498,0.0295073
0.0498771,0.0560085
0.113775,0.0231101
0.183824,0.0318942
0.179044,-0.00253393
0.0608769,-0.0737708
-0.0787658,-0.0385569
-0.144108,-0.004682
-0.175663,-0.022594
-0.112712,-0.0130729
-0.0330408,0.00330853
-0.011416,0.0529836
-0.0199868,0.0297609
-0.0413872,-0.023651
-0.0397459,-0.0336411
-0.0354482,-0.0142575
0.0151703,-0.0286613
0.0718244,-0.0223226
0.0860387,-0.0041341
0.0622302,0.0539383
-0.00385215,0.0537617
-0.0528014,0.00387339
-0.0337694,-0.0470317
0.0303562,-0.0388947
0.0821992,0.085164
0.0562155,0.0761379
0.0370284,-0.0281128
0.00872679,-0.0391551
-0.0238235,0.0117214
-0.0147596,0.0647843
0.0349019,0.0103098
0.0322143,-0.029657
0.0241163,-0.0414378
0.0987235,-0.0372313
0.137811,-0.00625285
0.0609207,-0.0124037
-0.0792983,-0.0268339
-0.198251,-0.024831
-0.188332,-0.0187015
-0.0838154,0.0110933
0.0171478,0.00830808
0.0783179,-0.0448973
0.0641269,0.0120648
0.0401922,0.0740701
0.0146585,0.029641
0.00300851,-0.0346298
-0.0173871,0.0416636
-0.0428079,0.0427237
-0.0505915,-0.0884536
-0.0883413,-0.108094
-0.101259,0.030056
-0.0440805,0.0786968
-0.0235461,0.0374946
0.0123562,0.0129724
0.0819649,-0.0129494
0.0796347,-0.0487589
0.046761,-0.0281708
0.0344618,0.015589
0.0334509,0.00928325
0.0429974,-0.00313475
0.0186926,0.0885289
-0.0120191,0.153151
-0.033487,-0.0260705
-0.0455584,-0.0828566
-0.04478,-0.00783931
-0.0144689,0.0601038
0.0136462,-0.0150371
0.0776923,-0.0619714
0.109832,-0.0264347
0.0158934,-0.0212867
-0.0823288,0.00152516
-0.068071,0.0059756
-0.0516332,-0.0443798
-0.0675774,-0.00976767
-0.0591111,-0.0459927
-0.0118206,-0.0196417
0.0173395,0.0306898
-0.00472406,-0.0193959
-0.0760999,-0.0446241
-0.102392,-0.000431214
-0.0629105,0.0413
-0.00851536,-0.0189058
0.0178996,-0.0377444
0.0341069,0.0251443
0.103156,0.0705053
0.179423,0.0516996
0.185699,0.00653305
0.106334,0.0329229
0.0137778,0.0975613
0.0142451,0.0223803
0.0303625,-0.103622
0.0731191,-0.0557805
0.157204,-0.0069692
0.194395,0.000524806
0.171997,0.0189874
0.0439117,-0.0115153
-0.1395,-0.0211791
-0.203081,-0.0382207
-0.191686,-0.0206556
-0.261074,-0.00859571
-0.249857,0.00963931
-0.138187,0.0251681
-0.032329,0.0161445
0.017233,0.000155746
-0.0124153,-0.00757765
-0.0775877,-0.0147019
-0.0797028,-0.0281013
-0.0288177,0.023604
0.0142175,0.0655585
0.0529778,0.0253668
0.0720064,0.0117454
0.0671731,0.0307957
0.0855102,0.0423495
0.153118,0.0680207
0.205846,-0.0395779
0.143655,-0.083658
0.02359,-0.0314014
-0.0736037,0.0123415
-0.104996,0.025193
-0.103159,0.02299
-0.0971006,-0.0200274
-0.0799896,-0.00382356
-0.0184163,-0.00401677
0.0442997,-0.0183467
0.0402782,-0.0333225
-0.0129829,-0.0290205
-0.00694791,-0.00517855
0.03471,-0.0162009
0.0288462,0.00985007
0.020369,0.0240444
0.0249429,-0.00941695
-0.0017791,-0.0217001
-0.0456701,-0.000809156
-0.0278456,0.0439168
0.0115633,-0.021897
-0.0226994,-0.0241534
-0.0600558,0.00992024
0.00432135,-0.0541648
0.0401055,0.00991849
0.0560234,0.082949
0.112914,-0.0298277
0.127458,-0.0456443
0.132901,-0.0159325
0.152213,-0.00621855
0.0938508,0.0304484
-0.0187011,0.0152549
-0.0762574,-0.00531719
-0.163648,0.0460935
-0.22877,0.0155803
-0.220049,0.00566424
-0.127,-0.0135806
-0.0291081,-0.0304782
0.0238533,0.0151182
0.0561546,0.0402366
0.0448063,0.00437159
0.0255483,-0.0124856
0.018356,0.0156982
0.00853667,-0.024938
0.012366,-0.0389589
0.0469758,-0.0239362
0.0346945,0.00741127
-0.0336811,0.0112231
-0.0297626,0.00141566
0.0144782,0.0414582
0.0217335,0.0478077
0.0367694,0.00470587
0.0616521,-0.0138567
0.0681524,-0.0213564
0.0646853,-0.0161473
0.0563003,0.0167
0.0479731,-0.023502
0.0328409,-0.0109168
-0.00458066,0.000644899
-0.0408805,0.00263862
-0.0614991,-0.0197235
-0.094935,-0.0403366
-0.141458,-0.026997
-0.160229,0.0137037
-0.132497,0.0710266
-0.0490047,0.141697
0.01671,0.0571947
0.00244153,-0.074105
-0.0206709,-0.0482801
0.0285909,-0.0231288
0.0972773,-0.0288425
0.144237,-0.01203
0.145335,-0.014392
0.113094,0.00277913
0.0505002,0.0156611
-0.00403309,-0.016641
-0.0242167,-0.0584123
-0.0710741,-0.0458122
-0.098042,-0.00962287
-0.0428988,0.0243292
0.0283608,0.0475511
-0.00640859,0.0227348
-0.0226153,0.060349
-0.0101911,0.139491
-0.00604268,-0.0256156
-0.0263717,-0.0832191
-0.00882249,-0.0246786
0.0522203,-0.0323125
0.077775,-0.0496569
0.0669911,-0.021805
0.0528917,0.0116705
0.0157626,-0.0267205
-0.0647506,-0.00547607
-0.142465,0.00672122
-0.143208,-0.0310809
-0.0846428,-0.0231029
-0.0357262,0.00517919
-0.0329834,0.0360034
0.0240322,0.0434545
0.0758569,0.0690394
0.0351605,0.0383774
-0.0313351,0.0309027
-0.021657,0.0120801
0.0361773,-0.049786
0.0332833,-0.0241285
0.0174596,0.00295909
0.0251468,-0.00624046
0.0613071,-0.007472
0.134164,-0.0291309
0.0925521,-0.0374101
-0.0298409,-0.0170119
-0.0816288,0.000117903
-0.0672569,0.0275387
-0.0627212,0.0496317
-0.064381,0.100358
-0.0379823,0.0156329
0.00976056,-0.0761662
0.0356112,-0.0516143
0.0223072,-0.00111145
0.00746746,-0.00642382
0.0155808,-0.00578301
0.0456099,0.000786099
0.0503572,0.0297033
0.0625727,0.0377586
0.104208,-0.0117858
0.109132,-0.0276504
0.0560528,-0.0123047
-0.00811132,-0.0140571
-0.0129329,-0.0168539
0.0179346,-0.0158044
-0.0206837,-0.0140622
-0.085292,-0.0224066
-0.110377,0.034433
-0.0816891,0.0568828
-0.0618533,-0.055029
-0.0884733,-0.0409592
-0.0818831,0.0505721
-0.0250421,0.0470894
0.0132149,0.0308513
0.0152634,0.0172407
0.0218432,-0.0124687
0.0380943,-0.0115938
0.0268181,0.00248589
0.0353498,-0.0248809
0.0495423,-0.032295
0.0632239,-0.0209144
0.0750563,0.0176959
0.0448267,0.045287
-0.0205606,-0.00576826
-0.0789651,-0.0421731
-0.0974907,-0.00889848
-0.117438,0.0129733
-0.104139,-0.0319891
0.00901422,-0.0107218
0.0933644,0.01732
0.0810779,0.0110503
0.0737991,-0.0397868
0.0583979,-0.00798513
0.0102107,0.0399453
-0.0613378,0.0441596
-0.108976,0.064996
-0.102723,0.0361619
-0.00519413,-0.0146617
0.0896019,-0.0631012
0.0714826,-0.0585738
0.0383879,-0.0333729
0.0237005,0.0141063
-0.0201532,0.014451
-0.0667162,0.00363655
-0.0609896,-0.0032883
-0.014836,-0.0357276
0.00587527,-0.0247208
0.00158431,0.0448472
0.036022,0.0725037
0.141969,0.0165117
0.200802,0.00387032
0.169374,0.0596728
0.106533,0.00943469
0.0165017,-0.0251715
-0.0644208,-0.011463
-0.102934,-0.0160342
-0.131807,-0.0172072
-0.12686,-0.0285058
-0.0693407,-0.0303145
-0.0316725,-0.033825
-0.0564891,-0.0390499
-0.0469212,-0.0242419
-0.0280089,-0.000481632
-0.056923,0.0339147
-0.0575211,0.0582313
-0.064522,0.0873397
-0.0774868,0.051817
-0.0669593,-0.032897
-0.0169908,-0.0588256
0.0239618,-0.0515956
0.0552096,-0.0188303
0.086757,-0.0116809
0.0934231,-0.00510321
0.098326,0.00677644
0.133766,0.0166345
0.14861,0.017696
0.111707,0.0423289
0.0711619,0.0412998
0.0320376,-0.0265865
-0.0357336,0.0222085
-0.0959936,0.0193542
-0.100482,-0.013832
-0.0684782,-0.0383626
-0.0531281,-0.0088353
-0.0338998,-0.00144699
-0.0108365,0.00209239
-0.00110097,-0.0515049
-0.0239477,-0.0303483
-0.0553326,0.0284655
-0.0430246,0.0291855
-0.0497637,0.0108599
-0.0488684,0.0220888
-0.0254715,-0.010237
0.032637,-0.0349069
0.0304831,-0.0132199
0.0236004,0.0064614
0.0525398,0.00644722
0.0273738,-0.00368746
0.0228947,-5.47e-05
0.0564547,0.0167773
0.0474757,0.04652
0.0205677,0.0347771
0.0187151,0.00995296
-0.0099037,-0.039297
-0.0175705,-0.0164333
-0.000336481,-0.0118942
-0.0097879,-0.0288686
-0.00943312,0.00489567
0.0223538,-0.00482788
0.0329553,-0.0238635
0.0164439,-0.02051
-0.00597219,-0.00967622
-0.0294975,0.0125124
-0.0724226,0.0257164
-0.077883,0.0245644
-0.0576804,0.0271872
-0.0603137,0.0516686
-0.0494645,-0.00663457
-0.00282341,-0.0541013
0.0345865,-0.0516511
0.0323989,-0.034162
0.0672072,0.00802272
0.105564,0.0159671
0.124714,-0.00279246
0.0922115,0.0153422
0.0275949,0.0124457
-0.0696311,-0.0292338
-0.100308,-0.0256461
-0.0878573,0.0225867
-0.0604516,0.0438122
-0.00581751,0.023431
0.0729113,-0.0107833
0.12391,-0.0286322
0.085587,-0.0158479
0.0154512,0.0207592
-0.0405397,0.0610635
-0.0866746,0.0594589
-0.0940873,0.0401682
-0.0620628,-0.0233522
-0.0143096,-0.0632181
0.00979265,-0.0708983
0.0355597,-0.0408226
0.0650955,-0.0118941
0.032756,0.00330068
-0.0140153,-0.0049825
-0.00615218,-0.00526049
-0.00668365,0.0251884
-0.0359249,0.00875582
-0.0633745,0.0318966
-0.0614002,0.0269445
-0.0229002,0.019779
0.0457319,0.0937323
0.0308022,0.0146895
-0.0322947,-0.0868274
-0.0120047,-0.0437042
0.0107771,0.0209852
-0.0071361,0.00839662
-0.00591355,0.0152756
0.0142114,0.00810044
0.00427708,-0.0366778
0.0313054,-0.0355042
0.0862353,-0.0228971
0.088771,-0.0147397
0.077673,-0.00895964
0.0397166,-0.00291012
-0.0481915,0.000598515
-0.111349,0.00572861
-0.11467,-0.00890261
-0.0797109,-0.00448844
-0.0209754,0.0204005
0.0404545,0.03576
0.0722073,0.0327193
0.0513274,0.030254
0.00521117,0.0377812
0.00344828,-0.0326943
0.010256,-0.0575104
-0.00586748,-0.0102374
-0.0115725,0.00909799
0.0221915,-0.0107994
0.0581203,-0.0363223
0.0423896,-0.03383
-0.00485364,0.00486252
-0.051983,0.0246862
-0.0829032,0.0263754
-0.0972539,0.0188277
-0.0456691,-0.00906489
-0.00373964,-0.0106845
0.0289215,0.0408098
0.0511306,0.0495489
0.0178037,-0.0134595
-0.0116661,-0.019764
0.0400693,-0.00439889
0.0746814,-0.0133188
0.0356338,-0.00909909
-0.000562649,-0.00668752
-0.00503105,0.00884277
-0.0244095,-0.0150228
-0.0251248,-0.0527884
-0.0162205,0.046558
-0.00917021,0.0931104
0.0115732,-0.0465379
0.00585755,-0.071988
0.00159508,-0.00851648
0.00202894,0.00812847
-0.0065692,0.0218533
-0.0145478,0.0222195
-0.0194972,0.0122984
-0.001697,0.0103059
0.0131851,-0.00322538
-0.00521941,-0.00292029
-0.0546887,-0.0168849
-0.0501096,-0.0359267
0.0191563,-0.0153458
0.0459728,0.0350724
0.0368635,0.0167398
0.0360882,0.00145763
0.0140746,-0.0294186
-0.0114761,-0.0329972
0.00965313,0.00541961
0.0372209,0.0234315
0.0493696,0.0245302
0.0724733,0.0296121
0.0444763,0.0240575
-0.0298974,0.00533984
-0.0634867,-0.00926123
-0.0686916,-0.0239191
-0.0695794,-0.0269701
-0.0661789,-0.0165706
-0.0419307,-0.0171546
-0.00531289,-0.0178465
-0.015926,-0.00619948
-0.0525182,0.00716591
-0.0591747,0.0206073
-0.0397351,0.0344493
0.0113891,0.011386
0.0523073,-0.0123252
0.0239115,0.00647198
0.0334282,0.0145361
0.0780401,-0.0231817
0.0640717,-0.0264259
0.0199923,-0.00367511
-0.00423369,0.0254328
-0.0299089,-0.00528029
-0.0521017,-0.0211663
-0.0249972,-0.0340578
0.0418115,-0.0193207
0.0596491,-0.00408132
0.0353475,0.0139449
0.0577455,0.0285708
0.0795659,0.00534438
0.0346827,0.0101225
-0.0132717,0.059757
0.0036802,0.0269339
0.000161218,0.0294885
-0.0210958,0.13011
-0.0189568,0.0408968
-0.0535165,-0.0624181
-0.0923999,-0.0817815
-0.0725418,-0.0347727
-0.0351407,-0.0164807
-0.0199703,-0.0493666
-0.0023811,-0.0430537
0.0157757,-0.027638
0.00150046,0.010907
0.00509728,0.0251499
0.0205245,-0.00191213
0.0271871,-0.000321058
0.0149222,0.00976384
-0.0070004,0.0112875
-0.00476936,-0.0189519
-0.00178162,-0.0311498
0.00298576,-0.0233152
0.0166644,0.0158371
0.0127891,0.059401
0.0119204,0.0319283
0.0165485,0.00899024
0.00608017,-0.00114325
0.0186588,-0.0222004
0.049359,-0.0264418
0.0476888,-0.0180092
0.0117133,-0.00965385
-0.0145945,-0.0053699
-0.0410004,-0.0206847
-0.079715,-0.035789
-0.0732003,-0.0323328
-0.0367878,-0.00522521
-0.0113308,0.0235872
0.000629969,0.0398322
0.00231627,0.0496442
-0.0176969,0.0596046
-0.0055309,0.0294297
0.0471259,-0.00123913
0.0841125,0.023547
0.0739962,0.002753
0.0176542,-0.0242723
-0.0151178,-0.0128776
-0.0361337,-0.00785553
-0.0867822,-0.00759714
-0.103625,0.00860404
-0.0868215,-0.00492156
-0.00224619,-0.0154608
0.0776242,-0.0313326
0.0486217,-0.0358763
0.016636,-0.0178355
0.0343751,0.00628761
0.0325177,0.0291168
0.0364177,0.0166039
0.0523593,0.00312708
0.0453865,0.0238909
0.0221541,0.00833445
-0.0112676,-0.0109031
-0.0257094,-0.00325971
0.000399794,0.00381952
0.0207028,0.0132431
0.0245325,0.0190478
0.0272007,-0.00600431
0.000247973,-0.0344278
-0.0523014,-0.0161222
-0.0832133,0.00901003
-0.0686215,0.0221189
-0.0349748,-0.0161751
0.0174198,-0.0292392
0.0379928,0.00408394
0.00983011,-0.013504
-0.00953607,-0.0121111
0.00962035,-0.0017585
0.0239149,0.012697
0.0167106,0.0349058
-0.00450287,0.022168
-0.0135487,-0.0277617
-0.0343745,-0.0357194
-0.0539001,0.0247015
-0.0548839,0.0342461
-0.0262474,0.0103261
-0.00772042,0.00828527
-0.00634034,-0.0421423
0.0100994,-0.0330889
0.0436423,-0.000713548
0.0736761,0.00772894
0.0661274,0.0150027
0.0349385,0.0167738
0.00986661,0.0108971
-0.0190151,-0.00657586
-0.0427368,-0.0131239
-0.0480616,-0.00252823
-0.015362,0.00571785
0.0215298,0.00755399
0.0222907,-0.000696153
0.00518245,0.00218245
-0.017205,0.0128742
-0.0243647,0.00473144
-0.0101409,-0.0203712
0.0019735,-0.0218688
0.0221337,0.0568514
0.111173,0.0297301
0.164625,-0.0616761
0.136825,-0.0218839
0.0761584,0.0159597
0.0170785,0.0129542
-0.0582949,-0.00663456
-0.123343,-0.0117158
-0.138957,-0.0212721
-0.118518,-0.0192984
-0.122812,-0.0127928
-0.140304,-0.0066064
-0.115514,0.00964844
-0.0883728,0.0423286
-0.0363641,0.00965126
0.00819841,0.00362739
0.067251,0.0237747
0.124281,0.0343682
0.15046,0.0187474
0.136739,-0.0122308
0.0922741,-0.010374
0.043205,-0.0225536
-0.0254912,-0.0389181
-0.090646,-0.0219886
-0.0862906,0.0405184
-0.0440604,0.0324038
-0.00846806,-0.0169998
0.00577906,-0.00154583
0.0143759,-0.0107004
0.037185,-0.0451692
0.0293804,-0.0128426
-0.0159315,0.0271581
-0.0138541,-0.0197716
0.0268414,-0.0505179
0.0769551,-0.0323308
0.0619881,0.0148042
-0.00685593,0.0476107
-0.0363037,0.0349352
-0.0506813,0.0236527
-0.0619052,0.057524
-0.0473099,0.0675537
0.00592061,-0.0117345
0.0614072,-0.0481949
0.0786914,-0.0195171
0.0835403,-0.000783839
0.0648663,-0.0142425
0.0117302,-0.0279928
-0.0428965,-0.0223599
-0.0728291,-0.0224976
-0.0693948,-0.0184676
-0.0563465,-0.00415183
-0.0212859,0.0199263
0.00589859,0.0340697
0.00825598,0.0330161
0.000730121,0.0209659
-0.00508204,0.00557324
-0.0142735,-0.00848573
-0.0238393,-0.0161282
-0.0226294,-0.00947732
0.00459643,0.00505064
0.024975,0.0103939
0.0154473,-0.00657313
0.010337,-0.0316572
0.00750877,-0.0189777
-0.00126822,-0.00131043
-0.00835107,-0.0304659
-0.0116006,-0.0272505
-0.0240353,-0.0144461
-0.00120564,-0.0138527
0.0253758,0.0145285
0.0255938,0.0221968
0.0135599,0.0134071
-0.00881674,0.00254259
-0.0320711,-0.00737192
-0.0386856,-0.00686515
-0.0114737,-0.00933703
0.0391978,0.0205759
0.0543969,0.0385704
0.0411131,0.031994
0.0332752,0.0684121
0.020635,0.0265393
0.0120729,-0.0409762
0.0376516,-0.00927608
0.0787471,0.00429308
0.0943435,0.0208582
0.090006,0.0159062
0.0207022,-0.0120454
-0.0733543,-0.0147922
-0.122436,0.00732421
-0.149513,-0.0261253
-0.148205,-0.0576826
-0.112842,-0.00268815
-0.042028,0.0232243
0.0128875,0.00405253
0.0118163,-0.0113826
-0.0011239,0.0169615
-0.00990305,0.0250259
-0.0189177,0.0288334
-0.0239362,-0.0048762
-0.00101473,-0.0500844
0.0286861,-0.0627198
0.0480717,-0.0398334
0.0488188,-0.00285924
0.0259425,0.0238185
0.0142989,0.0142964
0.0257439,0.0190512
0.0172717,0.0178554
-0.0068333,0.0319629
-0.00361751,0.109425
0.0464283,-0.0512633
0.149658,-0.020465
0.109357,-0.00664055
0.0512465,-0.0196886
0.00133572,-0.0430131
-0.0752961,-0.0373927
-0.131956,-0.020981
-0.134335,-0.0101924
-0.0793081,-0.00507678
-0.0221523,-0.00301238
0.00147886,-0.00526061
0.00548091,0.00952356
0.0252855,0.00566939
0.0432,-0.00554324
0.0209248,-0.00165501
0.00274096,0.0259015
0.0302423,0.0577656
0.0273787,0.0559596
0.0128808,0.0206859
0.0146382,-0.00400567
0.0165697,0.00854496
0.0164,0.032337
0.00754806,-0.00908268
-0.0182291,-0.036277
-0.0181843,-0.0152896
-0.00830744,-0.0240766
-0.0199709,-0.0251856
-0.0318387,-0.00193821
-0.0264989,0.00891607
-0.0273328,0.0100983
-0.0291676,-0.00610009
-0.0217309,-0.0247948
0.0153691,-0.0141357
0.0836062,0.00903937
0.110014,0.0211899
0.086105,0.0130265
0.0480838,-0.00832471
-0.00461075,-0.02232
-0.0532891,-0.0105893
-0.0732408,0.00185294
-0.0858535,-0.00454565
-0.0544437,0.00721969
-0.0101721,0.0122197
0.00158403,-0.015727
-0.0173356,-0.0448229
-0.0154466,-0.0248024
0.0406572,-0.000800127
0.0936434,0.0429706
0.0878394,0.0345311
0.0659188,-0.00802398
0.0371697,0.0167003
-0.0139446,0.0360431
-0.0580801,0.0221274
-0.0936163,0.0143647
-0.092526,0.0027033
-0.0727139,-0.00798146
-0.0719014,-0.000826168
-0.0630903,-0.0132098
-0.0234284,-0.0115194
0.0135358,-0.0033885
0.021889,-0.0165994
0.0179936,-0.0142101
0.0228545,0.00829389
0.0211465,0.0550121
0.0112783,-0.0010045
0.0350027,-0.0887235
0.0559676,-0.044044
0.0227817,0.0052298
-0.012747,0.0153939
-0.0172904,0.0226936
-0.00416217,-0.0166476
0.0389642,-0.0333971
0.0601867,-0.0126268
0.0420527,0.00709187
0.0306821,0.0274186
0.0216532,0.0389163
0.00762479,-0.0091774
0.00295447,-0.000568584
0.00740839,0.023854
-0.00820002,-0.0132148
-0.0430479,-0.0188401
-0.0425341,0.00651083
-0.0179696,0.0351409
0.00587805,0.0244418
0.00650806,0.00726022
-0.0250013,0.0177226
-0.0496275,0.0131351
-0.054696,0.00166622
-0.0561503,-0.00945546
-0.0418827,-0.00341673
-0.0214585,-0.00583352
-0.00863353,-0.00745154
-0.00594363,-0.00658402
0.00756608,-0.0284924
0.0194286,-0.0286312
0.0404961,-0.00698707
0.0596829,-0.00476142
0.0544884,-0.00923423
0.0512923,0.0024481
0.0611652,0.0100286
0.0628727,0.0139684
0.0487025,0.020265
0.0305159,0.0110295
0.00614799,-0.00127178
-0.0313257,9.13e-05
-0.0618034,0.0205372
-0.0649022,0.0221201
-0.0602372,-0.00133631
-0.035717,-0.00643139
0.0104047,-0.0275438
0.023343,-0.0244124
0.0202433,-0.0181946
0.0115575,-0.00686158
-0.0127425,-0.0121801
-0.0105522,-0.0281537
-0.00146554,0.000932312
0.0104505,0.0217285
0.0115851,0.0301534
0.00548295,0.0109824
0.00507144,-0.0141737
-0.00979036,-0.0170118
-0.027826,0.000839445
-0.0339445,0.0115881
-0.0413102,-0.0222768
-0.025911,-0.046154
0.0252303,-0.019927
0.0485671,0.0402784
0.0343156,0.0765151
0.0320194,0.0184314
0.0130478,-0.036498
-0.0374297,-0.028974
-0.0650563,0.0176042
-0.0437414,0.0649438
-0.0150604,0.0352026
0.00279979,-0.000168268
0.0208676,0.016371
0.00854202,-0.0156857
-0.0139639,-0.0424276
-0.0254212,-0.0250798
-0.0139846,-0.00733854
-0.00808286,-0.00755307
-0.027507,-0.00720885
0.000775595,-0.00156591
0.0436947,0.00663326
0.0411275,0.0156228
0.0412708,-0.00189627
0.074171,-0.00728738
0.0987036,0.00914271
0.106913,-0.016416
0.0994705,-0.00991332
0.0781984,0.0071227
-0.00855906,0.0124113
-0.0588855,0.0109376
-0.104338,-0.0139036
-0.138632,-0.0193578
-0.115334,-0.00960807
-0.068404,0.00190268
-0.0519437,0.00569846
-0.0267376,0.00499665
0.00378398,0.00533035
-0.00330218,0.000209431
-0.0249398,-8.5e-05
-0.027432,0.00256199
-0.0137545,-0.00553735
0.00214185,-0.0113028
0.026276,-0.00352235
0.0528643,-4.81e-05
0.0514443,-0.0127107
0.0359271,-0.0143458
0.0305134,0.0299774
0.0151831,0.0420354
-0.0197692,-0.0063292
-0.0370842,-0.00279591
-0.0273446,0.0259338
-0.00494683,0.0187293
0.0408215,-0.0128098
0.0612027,-0.0167537
0.0374082,0.0191704
0.00587244,0.0303696
0.000811827,0.000173121
-0.0249641,-0.019566
-0.0484547,-0.0359812
-0.0299097,-0.0388461
0.00174115,-0.0264214
0.0106257,0.00113529
0.0276375,0.050116
0.0433912,0.0184246
0.0390836,-0.0252478
0.0166526,-0.00828577
-0.000393544,0.00232749
-0.0124163,-0.00678188
0.00411177,-0.00380575
0.0251103,0.00501169
0.0020466,0.00662321
-0.0391854,-0.00388424
-0.0694361,0.00498845
-0.0731886,0.000771495
-0.0608846,-0.0123402
-0.03912,-0.0129044
-0.00285121,-0.0173967
0.0236757,0.0121526
0.037354,0.0279389
0.0565218,-0.00203581
0.0571917,-0.0191271
0.0362079,-0.0125529
-0.00245303,-0.00963258
-0.0136358,-0.0102108
-0.00629489,-0.0133922
-0.0147981,0.0241105
-0.0348707,0.0406792
-0.021546,0.00603955
-0.0045573,-0.0022442
0.0139829,0.0128502
0.0120052,0.0319763
0.00969703,0.00389012
0.0234801,-0.00931935
0.0431434,0.00694084
0.0429398,0.0169068
0.0135437,0.0114986
0.000191446,-0.00812106
-0.00135576,-0.011172
0.00436202,-0.0225457
0.0152442,-0.0123587
0.00947321,0.000482724
0.00744921,-0.00778183
0.0160056,0.00585163
-0.00193367,0.0188386
-0.0535622,0.00606439
-0.081414,-0.00414932
-0.0785013,-0.00195734
-0.0788094,-0.0169582
-0.0524326,-0.012728
-0.00980421,-0.00189126
0.0354483,0.000743041
0.0541135,0.00578323
0.0405223,-0.00340494
0.0177804,-0.00783933
0.00784111,-0.00972439
0.0155984,-0.00739441
0.0248916,-0.00845371
0.0439806,-0.0198047
0.0514369,-0.00579515
0.0533681,0.0180097
0.0406282,0.0194162
0.0115806,0.0176199
-0.0197922,0.00802247
-0.0563579,-0.00443699
-0.0974741,0.00261586
-0.104652,0.00350819
-0.0748651,0.00279986
-0.0354755,0.0076276
-0.00576752,0.0259975
0.0366109,0.0245667
0.0473214,-0.0222138
0.0345079,-0.028957
0.0076312,-0.0202401
-0.00369826,-0.00808782
-0.00175571,-0.0132656
0.0216709,-0.0108036
0.0338469,0.00143819
0.0178551,-0.00012094
0.0133837,-0.00425765
0.0166496,-0.00356584
0.0109892,-0.0021634
0.00345766,0.00304914
0.00665146,0.00528431
0.0182123,0.00592194
0.0108901,0.00645646
-0.00420523,0.00228971
-0.0108604,0.00542009
-0.0194018,0.0070036
-0.0277864,-0.000639768
-0.0142669,0.00810784
0.0131704,0.0206277
0.0303487,0.00844213
0.035566,-0.0187096
0.0105599,0.0234866
-0.0197254,0.0645663
-0.0233042,0.00965061
-0.0224148,-0.0235921
-0.0349756,-0.0370835
-0.0562568,-0.0266851
-0.0345096,-0.0236347
0.010362,-0.013904
0.0171547,-0.00910583
0.0152601,-0.00134307
0.0146613,0.019322
0.00388981,0.0261798
-0.0094348,0.018099
-0.0100039,-0.00594731
-0.010063,-0.0232957
-0.00385603,-0.00681547
0.0158888,-0.00843483
0.0256307,-0.0220174
0.0177859,-0.0297073
0.0109504,-0.00631247
-0.00147467,0.0127985
-0.0129459,0.010097
-0.0145751,0.00152111
0.00438368,0.00378008
0.0229066,0.0038856
0.0184962,0.0159227
0.0116689,0.0436313
0.00756231,0.021672
0.0013623,-0.024313
-0.0142235,-0.035706
-0.0179146,-0.0211329
-0.0185851,0.0100806
0.00928726,0.0507592
0.0166538,0.0458332
-0.0216608,-0.0186894
-0.0265297,-0.0261458
-0.000586841,0.00157699
0.0325989,0.0082762
0.0530733,-0.0105306
0.0353658,-0.0200812
-0.00637948,-0.0158748
-0.0534185,-0.00549833
-0.0631288,-0.012556
-0.0167081,-0.0136812
-0.00386739,-0.00812237
-0.00279268,-0.00939832
0.0176232,-4.49e-05
0.023241,0.00205487
0.00899549,-0.00597845
0.0436002,0.00626475
0.0894407,0.0191777
0.0668877,0.0185052
0.0170998,0.0051719
-0.00371258,-0.00444722
-0.010898,-0.00950735
-0.0538635,-0.0207384
-0.0736125,0.000439482
-0.0492645,0.0238409
-0.0338748,0.0183241
-0.0298235,0.00910711
-0.00702428,0.00890628
-0.000859708,0.0163746
-0.0146909,3.71e-05
-0.0155184,-0.016912
-0.0111978,-0.0142576
-0.0101636,-0.00771448
0.000558012,0.00744736
-0.0111288,0.013765
-0.0161225,0.00969413
0.00770284,0.00766805
0.040378,0.0104678
0.0434024,0.0123203
0.0289262,-0.0058203
0.0255873,-0.000641028
0.0303936,0.00449762
0.0322496,-0.00972261
0.0342224,-0.0219823
0.012132,-0.0070542
-0.0224627,0.0172956
-0.0426444,0.0187751
-0.0306733,-0.0211607
-0.0446367,-0.038076
-0.0511388,-0.0129006
-0.00966536,0.0552412
0.0214949,0.0437006
0.0243957,0.000236586
0.0320346,-0.01849
0.0294393,-0.0397063
0.0133408,-0.0226238
0.00925261,0.0148779
0.018341,0.0212046
0.021147,0.00697477
0.0163829,-0.0160753
0.0141903,-0.0138995
0.00289323,-0.00850655
-0.0129639,-0.0100732
-0.023681,-0.00558094
-0.0229765,0.00963228
-0.0239763,0.00154823
-0.00416081,-0.0185452
0.0111588,-0.0144413
0.00792413,-0.00466343
-0.00711243,0.0121375
-0.0172976,-0.00597178
-0.0262561,-0.0121631
-0.0354067,-0.00279583
-0.0133614,0.00743576
0.0213362,0.0238767
0.028079,0.0339934
0.0174171,0.0180289
0.0168978,-0.00627289
0.00965555,-0.0153619
-0.00734556,-0.016151
-0.0113218,-0.00685447
-0.000169361,0.0146378
0.0168112,0.00759145
0.0415593,-0.000272439
0.0354023,0.00596139
-0.00256992,0.00114217
-0.0403987,0.0131493
-0.0615277,0.0173894
-0.0673663,-0.0192049
-0.0571981,-0.0499156
-0.0243937,-0.0295124
-0.0073464,-0.00454522
-0.0141463,-0.0116704
-0.0142516,-0.010196
-0.0160143,0.00326754
-0.0261787,-0.0129732
-0.0321064,-0.0232985
-0.022502,-6.68e-05
0.00390689,0.0127386
0.0447787,0.0349888
0.0775176,0.0526391
0.0800667,0.0573571
0.0661481,0.00383696
0.0292102,-0.0241378
-0.00952408,-0.000335227
-0.0346978,0.0172353
-0.0498271,-0.00158124
-0.0161814,-0.0221232
0.0115429,-0.0192421
0.0233571,0.00100557
0.0306774,0.0153986
0.00671878,0.00798554
-0.0180854,0.00578394
-0.0172249,0.00433157
-0.000106912,-0.0185487
0.0095988,-0.0335553
0.0305351,-0.0107696
0.0327201,0.0061377
0.00723131,0.0101516
-0.00694786,-0.00721645
-0.00969888,-0.00765083
-0.0138427,0.00499517
-0.000457659,0.0122374
0.0372761,0.0153232
0.08352,0.0158186
0.0967209,0.0119479
0.0537263,0.00889818
-0.00788881,-0.00238801
-0.069513,0.00401479
-0.0811588,0.0236518
-0.0464022,0.0111355
-0.0159057,-0.0183776
0.00776011,-0.0254121
0.0197176,-0.0080876
0.010554,-0.00162146
-0.0248979,-0.00947249
-0.0340454,-0.0130386
-0.0425187,0.00136416
-0.0422994,0.00339662
-0.0147246,-0.00922759
0.0111342,0.00118397
0.0246374,0.0113261
0.0149998,0.00663392
-0.0062247,0.012751
-0.0371455,0.00372117
-0.06866,-0.022912
-0.0455631,-0.0165689
0.00159854,0.00352547
0.0244721,0.000147258
0.0624856,-0.000745897
0.0961387,0.00896279
0.0769751,0.0137216
0.0286276,-0.00143708
-0.00954186,0.0139765
-0.0279586,0.0328209
-0.0296212,-0.0486312
-0.0312552,-0.0569226
-0.0178363,-0.016281
0.0148346,0.00368577
0.0259268,0.0186618
0.0148657,0.0295386
-0.00218496,0.0102174
-0.0230587,-0.00727407
-0.0205996,-0.00627473
-0.0123856,0.00414479
-0.0123701,0.00537918
0.0049304,-0.00135233
0.0222605,0.000417113
0.012457,-0.000541899
-0.0122432,-0.013168
-0.0143496,-0.0132319
-0.0180202,-0.0085567
-0.0308044,-0.00104955
-0.0155723,0.014889
0.0180754,0.0299013
0.0302769,0.0150363
0.0234273,-0.0116237
0.0162336,-0.0102826
0.00628521,-0.00598493
-0.0200973,0.00554228
-0.0340427,0.0357255
-0.020353,0.020423
-0.00636221,-0.0163618
0.0064886,-0.0118126
0.0106349,0.00540215
0.00589809,0.00543843
0.0122686,-0.0168053
0.0113181,-0.0258169
-0.017722,-0.0163824
-0.0395033,-0.011788
-0.0205171,-0.0146117
0.0048986,-0.011505
0.00697139,0.016254
0.0226159,0.00862438
0.0260143,-0.0247237
0.00364052,-0.00316718
0.00112569,0.0366034
0.0149812,0.0169073
0.00604166,-0.00686441
-0.000197121,-0.00615517
0.0242692,0.00127528
0.0315667,0.018341
0.0204731,0.0285017
0.0127801,0.0159206
0.0118137,-0.0138456
-0.00900911,-0.0214475
-0.0350829,-0.0193968
-0.0474872,-0.00995612
-0.0477748,-0.00278352
-0.0375814,-0.00740217
-0.00979876,0.00519993
0.0062935,0.023746
0.00156581,0.010888
0.00672761,-0.0331652
0.0157227,-0.0474138
0.00499414,-0.00198595
-0.000101106,0.0449845
0.0148652,0.0369651
0.0114562,0.0346391
-0.00660531,0.0232049
-0.0143859,-0.0300447
-0.01496,-0.0520887
-0.0070931,-0.0144699
0.0240136,0.00921043
0.0536986,0.0109915
0.0388341,0.0145476
0.0228593,0.0130303
0.00952034,-0.006579
-0.0198788,-0.0125748
-0.0385414,-0.00262754
-0.0342688,0.00682185
-0.0205493,0.0162823
0.00255484,-0.000834522
0.0471616,-0.011684
0.0604235,-0.00830629
0.021191,-0.00429851
-0.0340847,0.00941775
-0.0597907,0.0132084
-0.0674878,0.00745862
-0.0606142,0.011486
-0.0323833,0.0139108
0.0107678,-0.0113653
0.0279105,-0.0135687
0.0308554,-0.000434501
0.0232963,0.00367293
0.0052114,-0.00435334
-0.00533921,-0.0188225
0.00924686,-0.0139283
0.0273849,-0.00866421
0.0381674,-0.00203471
0.0324602,0.00732722
0.00710069,0.00404499
-0.0209628,0.00465296
-0.0264984,0.0178878
-0.0319028,0.0239884
-0.0349396,0.02009
-0.0285151,-0.0200446
0.0203659,-0.0289022
0.0628419,-0.0173044
0.0538003,-0.0176921
0.0396885,-0.0123205
0.0102296,0.00835659
-0.0186904,0.0128513
-0.0299625,-0.0241385
-0.0390353,0.00167717
-0.0437357,0.0180898
-0.0262644,0.00692704
0.0113066,0.00790628
0.0279707,0.000566478
0.0227168,-0.00523875
0.0121222,-0.00489867
-0.00477138,-0.00799638
-0.0310961,-0.0122487
-0.0344363,-0.0106479
0.0109104,0.000248934
0.0310446,0.0141291
0.0151134,0.0326789
0.00726904,0.0414992
-0.00105988,0.00952926
-0.0163759,-0.00905682
-0.022106,-0.00290588
-0.00791015,0.00622762
0.00305933,-0.00372436
0.0321238,-0.0169753
0.0382849,0.00806241
0.0131713,0.0218938
0.0166001,0.00764144
0.00482321,-0.0156146
-0.0304137,-0.0109424
-0.0383396,-0.00587712
-0.0332425,-0.0194623
-0.035442,-0.0112475
-0.0272932,-2.51e-05
0.00253844,0.00244719
0.0174429,0.00726011
0.0215203,0.00257137
0.0257659,-0.0122236
0.0507108,-0.0099116
0.0591408,-0.00784794
0.0500084,-0.0152192
0.0333419,-0.00951284
0.0128201,0.003644
-0.0249875,0.00529608
-0.0492845,0.00156333
-0.0467991,-0.0105559
-0.0411665,-0.0118735
-0.0364171,0.00832584
-0.0129229,0.00549996
0.00356717,-0.0046442
-0.00961177,0.0130651
-0.0107297,0.0296901
-0.00953003,0.0115472
-0.0158816,-0.00311188
-0.0214445,-0.00192412
-0.0214076,-0.000381145
-0.0053661,-0.000709148
0.0193177,0.00274253
0.0326875,0.0059842
0.0204033,8.93e-05
-0.00220116,-5.35e-05
-0.00424566,0.017628
-0.00658113,-0.0219025
-0.0124523,-0.0405404
-0.0156901,-0.0173172
0.00839408,0.00274874
0.0317752,0.017277
0.0363028,0.036169
0.0391369,0.0248744
0.0205066,0.00129388
0.00266107,-0.0111086
0.0339588,-0.0142605
0.0686966,-0.00536782
0.0684328,0.00345572
0.0664924,0.00936636
0.042808,0.00747421
-0.0109841,0.00388813
-0.061392,0.0102799
-0.0897531,0.0119991
-0.105499,-0.00814422
-0.105758,6.49e-05
-0.074959,0.00336347
-0.02604,-0.0263667
-0.00187051,-0.030782
-0.00950306,-0.00391347
-0.00354959,0.00778751
-0.00012047,0.01253
-0.0123437,-0.000663145
-0.016763,-0.00165949
-0.0100367,-0.00477955
0.00495707,-0.00144974
0.0401118,-0.000803045
0.0467546,0.00198103
0.0254899,-0.000978551
0.0198235,-0.00416942
0.0140064,-0.00552894
0.00500287,-0.00628155
0.00295403,-0.012975
0.016482,-0.010042
0.03251,-0.00319682
0.0280291,-0.00318792
0.025697,-0.00578253
0.00470725,-0.00105534
-0.0172197,0.0100359
-0.0263852,0.0295707
-0.0181516,0.0138665
-0.0184531,0.010679
-0.0166786,0.0553568
0.000945233,0.0193928
0.0079442,-0.0286043
0.00298731,0.000274242
-0.00088939,0.0238913
-0.00830454,0.00122901
-0.0196687,-0.0145318
-0.00216743,-0.0193155
0.0347524,-0.0160906
0.0462524,0.00912022
0.0266423,0.0202373
0.0147503,-0.00666848
-0.00346942,-0.0264181
-0.0274393,-0.0253655
-0.0211794,-0.0188258
-0.00590058,-0.00804303
0.00426109,-0.00815876
0.034034,-0.00257335
0.0536242,0.00482208
0.0331915,0.000965554
0.0224549,0.000266768
0.0111317,0.00562089
-0.0290764,0.00505304
-0.0487373,0.00315709
-0.0464686,0.00405557
-0.0397976,0.00974851
-0.0295969,0.0206495
-0.0276354,0.022713
-0.0165827,-0.00509803
-0.000737485,-0.0108936
-0.0070957,-0.00890738
-0.0106795,-0.0270989
-0.00880141,-0.0184343
-0.0103351,0.0156268
0.0146343,0.0126523
0.0331583,0.00668213
0.0120773,0.00567449
-0.00557879,0.00112088
-0.00787884,0.00555029
-0.0130306,0.00395486
-0.00242683,-0.00627627
0.0287113,0.00907714
0.0433932,-0.00497765
0.031893,-0.0255532
0.0190774,-0.0175763
0.000851824,0.000591844
-0.0205114,0.00317369
-0.0322848,0.00335194
-0.0298961,0.0206466
-0.0248602,0.00105208
-0.00739098,-0.0147514
0.0138752,0.0319641
0.0152169,0.036515
0.0171269,-0.020869
0.0148771,-0.0291947
-0.000381557,-0.0170826
-0.0111363,-0.013676
-0.0147713,-0.00216557
0.00691448,0.00729307
0.0209843,0.00742537
0.00610315,0.00231109
-0.00190235,-0.00947463
-0.000561337,-0.0226042
-0.0063902,-0.0161791
-0.0174482,0.00603235
-0.0117391,0.0222567
0.000825389,0.0063414
0.0241336,-0.00265817
0.0262244,0.0162104
0.00278491,0.0255617
-0.0115776,0.0141238
-0.00135116,0.007342
-0.00471812,0.00580501
-0.012592,5.83e-05
0.00320377,-0.00531062
0.0295184,-0.00322192
0.0278997,-6.26e-05
0.00610785,0.000315534
-0.00943947,0.000976687
-0.0117229,-0.00209542
-0.0153968,-0.0169534
-0.0117107,-0.0315575
-0.0130994,-0.0054544
-0.00711347,0.0235934
0.0213191,0.0121697
0.0149935,-0.00454497
-0.0182429,-0.00882173
-0.0302019,-0.00526513
-0.0240838,0.00994904
-0.0295728,0.00554113
-0.0202437,-0.0129499
0.0161692,0.00362003
0.0538145,0.00993582
0.0564928,-0.00327625
0.0441028,-0.0109415
0.0287773,-0.00757524
0.0168442,0.0140566
0.00201441,-0.00398727
-0.0102545,-0.0145177
-0.0247126,-0.00031623
-0.0278073,0.0264641
-0.0141217,0.0147292
-0.0233726,-0.0401638
-0.0556502,0.0106593
-0.0604719,0.0316562
-0.0469591,-0.0229104
-0.0367849,-0.0433866
-0.0352249,-0.00178554
-0.0077644,0.00497552
0.0265445,0.00164122
0.0267553,0.00025899
0.0289008,0.000450598
0.0196164,0.0188714
0.00404676,0.0263006
-0.000761049,-0.00993961
0.0237944,-0.0191533
0.0492199,-0.00557012
0.0759295,0.00532089
0.088424,0.00968713
0.0502771,0.00496158
-0.0029834,-0.000906767
-0.0375016,-0.00719292
-0.0532761,-0.00862893
-0.0618371,-0.00680051
-0.0431841,-0.00038024
-0.0078147,0.00863632
0.00780754,0.00987977
0.0186878,0.00174145
0.0221422,-0.0012095
-0.00633291,-0.00429632
-0.0351858,-0.00427362
-0.0309191,0.00240966
-0.00914964,0.00149856
0.0108605,0.00529367
0.0423099,0.0156379
0.0370381,0.0112229
-0.00542648,0.011184
-0.0186306,0.0224334
-0.0112839,0.00793748
-0.00719995,-0.0181168
-0.0118041,0.0038089
0.00311374,0.00133549
0.0258852,-0.0103998
0.0235763,-0.00963626
0.00970305,-0.0048846
0.00570608,0.00859151
0.00832336,-0.00963597
0.00641251,-0.0221653
-0.00141238,-0.00959916
-0.00511293,-0.00669863
0.00499842,-0.00151996
0.0226164,0.00826139
0.013973,5.57e-05
-0.00543273,-0.00326578
-0.00421602,0.00861319
-0.000777443,0.00994251
-0.0179058,-0.00518968
-0.0352829,-0.0204329
-0.0152834,-0.0110418
0.00333959,0.010231
-0.0199811,0.0183709
-0.0168824,0.00857136
-0.0106396,0.00326378
-0.0102033,0.000863485
-0.0141601,-0.00176993
-0.00630809,-0.0221577
0.00654854,-0.0439065
0.0238349,-0.000657104
0.0149534,0.0432383
-0.0142999,0.0246249
-0.0245475,0.000336562
-0.0126153,0.0138058
-0.00623797,0.0165811
-0.00591007,-0.00114928
0.00870873,-0.0194048
0.0335813,-0.00869403
0.039683,0.0129719
0.0231231,0.00832302
0.0183224,-0.0152168
0.0164882,-0.029983
0.0128889,-0.0214326
0.00613939,-0.0066061
0.00128159,-0.010036
-0.00813461,0.00324356
0.00567285,0.0256047
0.0078091,0.0264721
-0.00947057,0.00788242
-0.0113831,-0.00152069
-0.0135377,-0.0048081
-0.042119,-0.00333458
-0.0637661,0.00942579
-0.0358798,-0.00259992
0.0265458,-0.00444196
0.0470949,0.00515287
0.0306623,0.0146589
0.006513,0.022591
-0.00514032,0.00376478
-0.0183417,-0.0242263
-0.0235065,-0.020539
-0.0067414,-0.0207354
0.0105735,-0.01507
0.0263171,0.0022775
0.0229627,0.00984622
-0.00368033,-0.000148964
-0.0212749,-0.0113613
-0.0366952,-0.0175039
-0.0518167,-0.00374525
-0.0540212,0.027353
-0.0159707,0.0142466
0.0308336,-0.00621925
0.0383912,-0.00394468
0.0327463,0.00671285
0.0194814,0.00709581
-0.0113705,0.00170657
-0.0323789,-0.00116101
-0.0316473,0.00642727
-0.0312517,0.0085892
-0.00946335,0.0248871
0.0206634,0.00337775
0.0435115,-0.0236472
0.0861519,-0.0122518
0.117421,-0.00311646
0.110053,-0.0108871
0.0624085,-0.0177974
-0.00146269,-0.0141623
-0.0382561,0.00385342
-0.0544305,0.0265754
-0.0676062,0.0140488
-0.062915,0.00674837
-0.0434587,0.00634734
-0.0180873,0.00136288
0.000635996,0.000325441
0.00260374,0.00545499
-0.01505,-0.0172841
-0.0115898,-0.0407782
-0.0113994,-0.00818672
-0.0300343,0.0417577
-0.0237309,0.0366733
-0.00298469,-0.00934109
-0.0106493,-0.020635
-0.0254898,-0.0109041
0.00434504,-0.0158339
0.0395446,0.000991125
0.0404458,0.0138162
0.0331027,0.00622401
0.0307456,-0.00322296
0.0118081,0.00777349
-0.0112467,0.00396252
-0.0399153,-0.00125404
-0.0357019,-0.00229567
-0.00484805,-0.00716464
0.00841647,0.000565473
-0.0127225,0.00845228
-0.0177009,0.00727073
0.00822536,-0.0206097
0.00716672,-0.0245584
-0.016725,-0.00954099
0.00767635,0.00610426
0.0474113,0.00426799
0.0407678,0.00024682
0.0506282,0.0162017
0.0684172,0.0493975
0.0404393,0.0568944
0.0034404,-0.00161825
-0.0265838,-0.0379963
-0.0650658,-0.0345748
-0.0689919,-0.0185476
-0.0428441,-0.00647339
-0.0367673,-0.00356937
-0.0404379,5.15e-05
-0.0270294,-0.000118784
-0.0177001,0.00733924
-0.00905369,0.00369253
0.0247034,-0.00490268
0.114579,0.00501443
0.189343,0.0139953
0.18335,0.0201419
0.138438,0.0144083
0.0643101,-0.000963332
-0.0372235,-0.0124575
-0.125201,-0.0181982
-0.184291,-0.0194043
-0.199268,-0.0171565
-0.148641,-0.00438096
-0.0710152,0.00231029
-0.0331049,0.00265921
-0.0144425,-0.00377775
0.00712169,-0.00731396
0.0241025,-0.00730579
0.0289852,-0.00358083
0.0442045,0.00409262
0.0716081,0.0101341
0.0655,0.0202156
0.0461375,0.0197276
0.0328673,-0.00317287
0.00392062,-0.00857614
-0.0238323,-0.00263914
-0.0440305,0.000795
-0.0489862,-0.00263385
-0.038325,-0.00261102
-0.00253412,0.0122867
0.0111769,0.0137581
-0.0125984,-0.00333035
-0.0328707,-0.0113865
-0.0338279,-0.0174258
-0.0293942,-0.0195409
0.00238862,-0.0179671
0.0622058,0.0102837
0.106038,0.0349704
0.0981767,0.0198632
0.0580232,0.000273554
-0.00404913,-0.00305226
-0.0536534,-0.00849345
-0.069183,-0.0163246
-0.0519142,-0.00739582
-0.0265891,0.00068173
0.0218208,-0.000382463
0.0641448,0.00950093
0.0789361,0.0312487
0.0630757,0.00340619
0.0258025,-0.0142058
-0.0123857,-0.00360359
-0.0458873,0.00871105
-0.0718568,-0.000636771
-0.0583871,-0.0195568
-0.0373493,-0.0188196
-0.0298007,-0.0178262
-0.0101186,-0.010992
-0.00378269,0.010384
-0.0160564,0.0487933
-0.0290816,0.0264836
-0.0237384,-0.0101312
-0.0206425,0.0115386
0.00183595,0.0449922
0.0341483,0.00426188
0.0451504,-0.0309904
0.0482173,-0.0246832
0.0492735,-0.00957724
0.0288395,-0.00925723
-0.00254713,-0.0193151
-0.0131793,-0.0127754
-0.0144175,0.00113504
-0.0351911,0.0136899
-0.042134,0.0172287
0.00293942,0.014436
0.0665026,0.00457378
0.0790959,-0.00309196
0.0674732,-0.000729988
0.0525551,-0.0106381
0.0289125,-0.0212687
0.00968897,-0.0134983
-0.0214957,-0.00344509
-0.0524996,-0.0105031
-0.0713395,-0.0111235
-0.0843963,-0.00698458
-0.0905754,-0.0134637
-0.0419845,0.012327
0.0573127,0.04252
0.14217,0.0225802
0.138975,-0.00298201
0.0785689,0.00303491
-0.00544173,0.00502986
-0.0919197,-0.00612709
-0.155358,-0.00720382
-0.150788,0.00236877
-0.0982316,-0.000220972
-0.0335778,-0.0129103
0.0265403,-0.00938101
0.0468581,-0.00583231
0.0252904,-0.00781977
0.018811,0.00100909
0.0130158,0.00443033
-0.0114058,0.00192929
-0.0314053,0.0170793
-0.0116735,0.0313749
0.0222912,0.0058597
0.0375858,-0.00564096
0.0403112,0.000815939
0.0287244,-0.00827486
0.015468,-0.00976578
0.0116961,0.00622733
-0.00583444,-0.00154903
-0.0219071,-0.0169533
-0.00844913,-0.00208133
0.00463752,0.00705968
-0.00760116,-0.0163715
-0.0112174,-0.0200403
0.0531063,0.0184773
0.126615,0.0318768
0.126603,-0.00606205
0.0825675,-0.0238172
0.00640533,-0.0115205
-0.0940698,0.0114331
-0.159609,0.0413632
-0.152133,0.0239515
-0.121831,-0.0208792
-0.0733414,-0.03605
-0.0081081,-0.00927695
0.092912,0.00202564
0.177778,-0.00528742
0.259975,0.00964513
0.261874,0.00519578
0.125429,-0.0152071
-0.0640875,-0.000648535
-0.213465,0.00212594
-0.266016,-0.0157826
-0.237467,-0.0188898
-0.131338,-0.0085338
-0.0238755,0.0233658
0.0299208,0.060267
0.0692552,0.0454854
0.0990949,0.0106652
0.0812053,-0.0181299
0.0349095,-0.0281639
-0.0125185,-0.0247205
-0.0691395,-0.0154248
-0.0974952,-0.00205131
-0.074311,0.00311563
-0.0550412,0.00167855
-0.0396608,0.00158281
0.00300229,-0.00396638
0.041768,-0.0159461
0.0586319,-0.0168052
0.0586287,0.000295508
0.0794426,0.0223048
0.105659,0.0245187
0.0711655,0.0127857
0.0111975,0.00236815
-0.0251942,-0.00399003
-0.0235873,-0.00799127
-0.0196655,-0.00784579
-0.013784,-0.00489674
0.0220844,-0.0019433
0.0874201,0.00562354
0.123244,0.0112172
0.0805841,0.00660796
-0.00536746,6.97e-05
-0.063641,-0.00628232
-0.103516,-0.00990742
-0.1077,-0.0102729
-0.0688413,-0.0143384
0.00624192,-0.00909101
0.0552946,-0.00113581
0.0467381,0.00268731
0.0180206,0.00720231
-0.0119224,0.00328005
-0.0577104,0.00128504
-0.0592927,0.00602597
-0.0207845,0.00788548
0.00858514,0.00554123
0.0825934,0.00956793
0.125223,0.00912407
0.0819315,-0.000743954
-0.010649,-0.00578854
-0.089868,-0.00443869
-0.149339,0.0116147
-0.142677,0.00541327
-0.0734188,-0.00244826
-0.00121651,0.0135399
0.0341847,0.00102075
0.00979758,-0.0183768
-0.0444578,-0.00898921
-0.0889456,-0.0016324
-0.106754,0.00579103
-0.0659381,0.00589097
0.00424643,-0.00713288
0.0525216,-0.0228928
0.0733306,-0.0134949
0.0506985,0.0103729
0.053455,0.0179903
0.152498,0.00465626
0.328421,0.00406339
0.394366,0.00447047
0.276197,-0.00449455
0.0852623,-0.00510218
-0.128742,-0.000927872
-0.31287,-0.0145299
-0.374235,-0.0172582
-0.31102,-0.00861333
-0.164452,-0.00390787
-0.0449926,-0.00641557
0.0162098,-0.0125976
0.043491,0.0236337
0.0839459,0.0488902
0.0966654,0.0171379
0.0643229,-0.0111918
0.0188087,-0.00291156
-0.00980583,0.0103099
-0.0319608,-0.0021092
-0.0345815,-0.00952137
0.00931069,-0.000675196
0.0334746,-0.00181314
0.0238288,-0.0171058
-0.00689256,-0.022394
-0.0289382,-0.0127574
-0.0167725,0.0111587
0.0308721,0.0168482
0.0569617,-0.0208337
0.0241751,-0.0198804
-0.0450626,0.00590586
-0.0921271,0.00842071
-0.0923042,0.00638515
-0.0724294,0.0111059
-0.0597001,0.0122644
-0.0196594,-0.00197766
0.0212716,-0.00613491
0.0465263,-0.00693433
0.0820623,-0.00354461
0.183069,0.00371881
0.293234,0.00865018
0.2906,0.00831518
0.191795,0.00218831
0.015787,-0.0108594
-0.140079,-0.0151829
-0.23153,-0.00732562
-0.272607,0.00222485
-0.223726,0.0210668
-0.140665,0.0437767
-0.101855,0.0110208
-0.0701111,-0.0196748
-0.00550086,-0.00713433
0.0861632,0.000673102
0.191328,-0.00350523
0.220645,-0.0064255
0.192453,-0.000145744
0.114044,0.00150144
0.00974819,-0.00301608
-0.0831243,0.000672659
-0.152777,-0.00335661
-0.188464,-0.00544651
-0.159846,0.0061958
-0.0754702,0.0138091
0.0251565,-0.000360873
0.118908,-0.00705005
0.154814,-0.0021084
0.0800098,0.016915
-0.0366947,0.0136454
-0.102135,-0.0102798
-0.104039,-0.0125245
-0.0773412,-0.0183671
-0.0488953,-0.0107504
-0.000698849,0.0105489
0.0305405,0.0118486
0.0233013,-0.00223012
0.017181,-0.00203721
0.0522343,-0.00151578
0.0904237,0.00214676
0.114631,0.0042813
0.0980688,-0.00508437
0.0251918,-0.010294
-0.063835,-0.00726252
-0.12549,-0.00529102
-0.126473,-0.0186805
-0.0919636,-0.0209513
-0.0479124,-0.0108749
-0.0161351,-0.00475456
-0.0092415,-0.0193813
0.0550957,-0.00937643
0.187361,0.0142923
0.285036,0.0355896
0.303482,0.048484
0.178735,0.0274255
-0.035649,0.00256955
-0.225156,-0.00531191
-0.325837,0.00178547
-0.271717,-0.00361803
-0.147634,-0.0112754
-0.0205348,0.000227901
0.0464291,0.0183007
